 Supply a reference radius.
 m of (m,0) corresponding to the radius chosen:          13
  
  Matching S S   HJs of radius near   5.00000000    
  
S S (  8  6)-(  8  6 )   2  0     0  0      4.76212   4.76212
S S (  8  7)-(  8  7 )   1  0     0  0      5.08876   5.08876
S S (  9  5)-(  6  8 )   1  0     3  0      4.81014   4.76212
S S (  9  5)-(  7  8 )   0  1     1  1      4.81014   5.08876
S S (  9  5)-(  8  6 )   3  0     1  0      4.81014   4.76212
S S (  9  5)-(  8  7 )   1  1     0  1      4.81014   5.08876
S S (  9  5)-(  9  5 )   4  0     0  0      4.81014   4.81014
S S ( 10  5)-(  6  8 )   0  1     2  1      5.17831   4.76212
S S ( 10  5)-(  7  8 )   2  0     3  0      5.17831   5.08876
S S ( 10  5)-(  8  6 )   2  1     0  1      5.17831   4.76212
S S ( 10  5)-(  8  7 )   3  0     2  0      5.17831   5.08876
S S ( 10  5)-( 10  5 )   5  0     0  0      5.17831   5.17831
S S ( 11  3)-(  5  9 )   2  0     6  0      4.99762   4.81014
S S ( 11  3)-(  5 10 )   0  1     5  1      4.99762   5.17831
S S ( 11  3)-(  6  8 )   3  0     5  0      4.99762   4.76212
S S ( 11  3)-(  7  8 )   2  1     3  1      4.99762   5.08876
S S ( 11  3)-(  8  6 )   5  0     3  0      4.99762   4.76212
S S ( 11  3)-(  8  7 )   3  1     2  1      4.99762   5.08876
S S ( 11  3)-(  9  5 )   6  0     2  0      4.99762   4.81014
S S ( 11  3)-( 10  5 )   5  1     0  1      4.99762   5.17831
S S ( 11  3)-( 11  3 )   8  0     0  0      4.99762   4.99762
S S ( 12  1)-(  3 11 )   0  1     8  1      4.90477   4.99762
S S ( 12  1)-(  5  9 )   2  1     6  1      4.90477   4.81014
S S ( 12  1)-(  5 10 )   0  2     5  2      4.90477   5.17831
S S ( 12  1)-(  6  8 )   3  1     5  1      4.90477   4.76212
S S ( 12  1)-(  7  8 )   2  2     3  2      4.90477   5.08876
S S ( 12  1)-(  8  6 )   5  1     3  1      4.90477   4.76212
S S ( 12  1)-(  8  7 )   3  2     2  2      4.90477   5.08876
S S ( 12  1)-(  9  5 )   6  1     2  1      4.90477   4.81014
S S ( 12  1)-( 10  5 )   5  2     0  2      4.90477   5.17831
S S ( 12  1)-( 11  3 )   8  1     0  1      4.90477   4.99762
S S ( 12  1)-( 12  1 )  11  0     0  0      4.90477   4.90477
S S ( 12  2)-(  3 11 )   1  0     9  0      5.13373   4.99762
S S ( 12  2)-(  5  9 )   3  0     7  0      5.13373   4.81014
S S ( 12  2)-(  5 10 )   1  1     6  1      5.13373   5.17831
S S ( 12  2)-(  6  8 )   4  0     6  0      5.13373   4.76212
S S ( 12  2)-(  7  8 )   3  1     4  1      5.13373   5.08876
S S ( 12  2)-(  8  6 )   6  0     4  0      5.13373   4.76212
S S ( 12  2)-(  8  7 )   4  1     3  1      5.13373   5.08876
S S ( 12  2)-(  9  5 )   7  0     3  0      5.13373   4.81014
S S ( 12  2)-( 10  5 )   6  1     1  1      5.13373   5.17831
S S ( 12  2)-( 11  3 )   9  0     1  0      5.13373   4.99762
S S ( 12  2)-( 12  2 )  10  0     0  0      5.13373   5.13373
S S ( 13  0)-(  1 12 )   1  0    12  0      5.08877   4.90477
S S ( 13  0)-(  2 12 )   0  1    10  1      5.08877   5.13373
S S ( 13  0)-(  3 11 )   1  1     9  1      5.08877   4.99762
S S ( 13  0)-(  5  9 )   3  1     7  1      5.08877   4.81014
S S ( 13  0)-(  5 10 )   1  2     6  2      5.08877   5.17831
S S ( 13  0)-(  6  8 )   4  1     6  1      5.08877   4.76212
S S ( 13  0)-(  7  8 )   3  2     4  2      5.08877   5.08876
S S ( 13  0)-(  8  6 )   6  1     4  1      5.08877   4.76212
S S ( 13  0)-(  8  7 )   4  2     3  2      5.08877   5.08876
S S ( 13  0)-(  9  5 )   7  1     3  1      5.08877   4.81014
S S ( 13  0)-( 10  5 )   6  2     1  2      5.08877   5.17831
S S ( 13  0)-( 11  3 )   9  1     1  1      5.08877   4.99762
S S ( 13  0)-( 12  1 )  12  0     1  0      5.08877   4.90477
S S ( 13  0)-( 12  2 )  10  1     0  1      5.08877   5.13373
S S ( 13  0)-( 13  0 )  13  0     0  0      5.08877   5.08877
  Matching M S   HJs of radius near   5.00000000    
  
M S (  9  6)-(  7  8 )   1  0     2  0      5.11879   5.08876
M S (  9  6)-(  8  7 )   2  0     1  0      5.11879   5.08876
M S ( 10  4)-(  5  9 )   1  0     5  0      4.88913   4.81014
M S ( 10  4)-(  6  8 )   2  0     4  0      4.88913   4.76212
M S ( 10  4)-(  7  8 )   1  1     2  1      4.88913   5.08876
M S ( 10  4)-(  8  6 )   4  0     2  0      4.88913   4.76212
M S ( 10  4)-(  8  7 )   2  1     1  1      4.88913   5.08876
M S ( 10  4)-(  9  5 )   5  0     1  0      4.88913   4.81014
  Matching S M   HJs of radius near   5.00000000    
  
S M ( 10  5)-(  6  9 )   1  0     4  0      5.17831   5.11879
S M ( 10  5)-(  9  6 )   4  0     1  0      5.17831   5.11879
S M ( 11  3)-(  4 10 )   1  0     7  0      4.99762   4.88913
S M ( 11  3)-(  6  9 )   1  1     4  1      4.99762   5.11879
S M ( 11  3)-(  9  6 )   4  1     1  1      4.99762   5.11879
S M ( 11  3)-( 10  4 )   7  0     1  0      4.99762   4.88913
S M ( 12  1)-(  4 10 )   1  1     7  1      4.90477   4.88913
S M ( 12  1)-(  6  9 )   1  2     4  2      4.90477   5.11879
S M ( 12  1)-(  9  6 )   4  2     1  2      4.90477   5.11879
S M ( 12  1)-( 10  4 )   7  1     1  1      4.90477   4.88913
S M ( 12  2)-(  4 10 )   2  0     8  0      5.13373   4.88913
S M ( 12  2)-(  6  9 )   2  1     5  1      5.13373   5.11879
S M ( 12  2)-(  9  6 )   5  1     2  1      5.13373   5.11879
S M ( 12  2)-( 10  4 )   8  0     2  0      5.13373   4.88913
S M ( 13  0)-(  4 10 )   2  1     8  1      5.08877   4.88913
S M ( 13  0)-(  6  9 )   2  2     5  2      5.08877   5.11879
S M ( 13  0)-(  9  6 )   5  2     2  2      5.08877   5.11879
S M ( 13  0)-( 10  4 )   8  1     2  1      5.08877   4.88913
  Matching M M   HJs of radius near   5.00000000    
  
M M (  9  6)-(  9  6 )   3  0     0  0      5.11879   5.11879
M M ( 10  4)-(  6  9 )   0  1     3  1      4.88913   5.11879
M M ( 10  4)-(  9  6 )   3  1     0  1      4.88913   5.11879
M M ( 10  4)-( 10  4 )   6  0     0  0      4.88913   4.88913
