Range of n,m:: 0 30

SL  Type of Junction     Pairs                 Radius of tube 1     Radius of tube 2     Defects
-----------------------------------------------------------------------------------------------
-----------------------------------------------------------------------------------------------
1)  Metal-SC             6 9  and  10 5        5.119                 5.178                 1

2)  Metal-SC             6 9  and  11 3        5.119                 4.998                 3

3)  Metal-SC             6 9  and  12 2        5.119                 5.134                 4

4)  Metal-SC             6 9  and  13 0        5.119                 5.089                 6

5)  Metal-SC             9 6  and  7 8         5.119                 5.089                 1

6)  Metal-SC             9 6  and  8 7         5.119                 5.089                 2

7)  Metal-SC             9 6  and  10 5        5.119                 5.178                 4

8)  Metal-SC             9 6  and  11 3        5.119                 4.998                 6


----------------------------------------------------------------------------------------------
11) Metal-metal          6 9  and  10 4        5.119                 4.889                 2

12) Metal-metal          9 6  and  9 6         5.119                 5.119                 3

13) Metal-metal          9 6  and  10 4        5.119                 4.889                 5

14) Metal-metal          10 4  and  10 4       4.889                 4.889                 6

----------------------------------------------------------------------------------------------
15) SC-SC               2 12  and  13 0        5.134                 5.089                 2

16) SC-SC               3 11  and  12 2        4.998                 5.134                 1

17) SC-SC               3 11  and  13 0        4.998                 5.089                 3

18) SC-SC               7 8  and  11 3         5.089                 4.998                 4

19) SC-SC               7 8  and  12 2         5.089                 5.134                 4

20) SC-SC               7 8  and  13 0         5.089                 5.089                 5

21) SC-SC               8 7  and  8 7          5.089                 5.089                 1

22) SC-SC               8 7  and  11 3         5.089                 4.998                 4

23) SC-SC               8 7  and  12 2         5.089                 5.134                 5

24) SC-SC               8 7  and  13 0         5.089                 5.089                 6

25) SC-SC               11 3  and  11 3        4.998                 4.998                 8

26) SC-SC               11 3  and  12 2        4.998                 5.134                 9

27) SC-SC               11 3  and  13 0        4.998                 5.089                 10

28) SC-SC               12 2  and  3 11        5.134                 4.998                 1

29) SC-SC               12 2  and  11 3        5.134                 4.998                 9

30) SC-SC               12 2  and  12 2        5.134                 5.134                 10

31) SC-SC               12 2  and  13 0        5.134                 5.089                 11

32) SC-SC               13 0  and  13 0        5.089                 5.089                 13
-----------------------------------------------------------------------------------------------


