 Matching S S   HJs of radius near   5.00000000    
  
S S ( 10  5)-(  8  6 )   2  1     0  1      5.17831   4.76212
S S ( 12  2)-(  5 10 )   1  1     6  1      5.13373   5.17831
S S ( 12  2)-( 10  5 )   6  1     1  1      5.13373   5.17831
S S ( 13  0)-(  2 12 )   0  1    10  1      5.08877   5.13373
S S ( 13  0)-(  5 10 )   1  2     6  2      5.08877   5.17831
S S ( 13  0)-(  6  8 )   4  1     6  1      5.08877   4.76212
S S ( 13  0)-(  8  6 )   6  1     4  1      5.08877   4.76212
S S ( 13  0)-( 10  5 )   6  2     1  2      5.08877   5.17831
S S ( 13  0)-( 12  2 )  10  1     0  1      5.08877   5.13373
  Matching M S   HJs of radius near   5.00000000    
  
M S ( 10  4)-(  6  8 )   2  0     4  0      4.88913   4.76212
M S ( 10  4)-(  8  6 )   4  0     2  0      4.88913   4.76212

  Matching S M   HJs of radius near   5.00000000    
  
S M ( 10  5)-(  6  9 )   1  0     4  0      5.17831   5.11879
S M ( 10  5)-(  9  6 )   4  0     1  0      5.17831   5.11879
S M ( 12  2)-(  4 10 )   2  0     8  0      5.13373   4.88913
S M ( 12  2)-(  6  9 )   2  1     5  1      5.13373   5.11879
S M ( 12  2)-(  9  6 )   5  1     2  1      5.13373   5.11879
S M ( 12  2)-( 10  4 )   8  0     2  0      5.13373   4.88913
S M ( 13  0)-(  4 10 )   2  1     8  1      5.08877   4.88913
S M ( 13  0)-(  6  9 )   2  2     5  2      5.08877   5.11879
S M ( 13  0)-(  9  6 )   5  2     2  2      5.08877   5.11879
S M ( 13  0)-( 10  4 )   8  1     2  1      5.08877   4.88913
  Matching M M   HJs of radius near   5.00000000    
  
M M ( 10  4)-(  6  9 )   0  1     3  1      4.88913   5.11879
M M ( 10  4)-(  9  6 )   3  1     0  1      4.88913   5.11879
